kiran@kiran-LIFEBOOK-A555:~/0LP1/LP1/03-parallel algorithm/3A-vectore matrix operation$ g++ -fopenmp padd.cpp
kiran@kiran-LIFEBOOK-A555:~/0LP1/LP1/03-parallel algorithm/3A-vectore matrix operation$ ./a.out

 First Vector:	413	526	91	980	956	873	862	170	996	281	305	925	84	327	336	505	846	729	313	857	124	895	582	545	814	886	862	123	67	135	929	802	22	58	69	167	393	456	11	42	229	373	421	919	784	537	198	324	315	370	383	777	915	793	335	386	492	649	421	362	27	690	59	763	926	540	426	172	736	211	368	567	429	782	530	367	434	364	43	750	87	808	276	178	788	584	403	651	754	399	932	60	676	368	739	12	226	586	94	539	
 Second Vector:	601	97	902	317	492	652	756	301	280	286	441	865	689	444	619	440	97	675	709	927	567	856	497	586	306	378	31	481	965	683	219	624	528	871	732	503	270	708	340	796	618	846	488	228	350	193	500	34	764	914	353	227	365	859	936	432	551	437	228	275	407	474	121	858	395	29	237	235	793	818	428	143	11	928	529	795	570	434	467	729	117	771	829	19	368	715	149	723	245	451	921	555	379	764	841	124	987	856	743	491	
 Parallel-Vector Addition:(a,b,c)	
413	601	1014
526	97	623
91	902	993
980	317	1297
956	492	1448
873	652	1525
862	756	1618
170	301	471
996	280	1276
281	286	567
305	441	746
925	865	1790
84	689	773
327	444	771
336	619	955
505	440	945
846	97	943
729	675	1404
313	709	1022
857	927	1784
124	567	691
895	856	1751
582	497	1079
545	586	1131
814	306	1120
886	378	1264
862	31	893
123	481	604
67	965	1032
135	683	818
929	219	1148
802	624	1426
22	528	550
58	871	929
69	732	801
167	503	670
393	270	663
456	708	1164
11	340	351
42	796	838
229	618	847
373	846	1219
421	488	909
919	228	1147
784	350	1134
537	193	730
198	500	698
324	34	358
315	764	1079
370	914	1284
383	353	736
777	227	1004
915	365	1280
793	859	1652
335	936	1271
386	432	818
492	551	1043
649	437	1086
421	228	649
362	275	637
27	407	434
690	474	1164
59	121	180
763	858	1621
926	395	1321
540	29	569
426	237	663
172	235	407
736	793	1529
211	818	1029
368	428	796
567	143	710
429	11	440
782	928	1710
530	529	1059
367	795	1162
434	570	1004
364	434	798
43	467	510
750	729	1479
87	117	204
808	771	1579
276	829	1105
178	19	197
788	368	1156
584	715	1299
403	149	552
651	723	1374
754	245	999
399	451	850
932	921	1853
60	555	615
676	379	1055
368	764	1132
739	841	1580
12	124	136
226	987	1213
586	856	1442
94	743	837
539	491	1030kiran@kiran-LIFEBOOK-A555:~/0LP1/LP1/03-parallel algorithm/3A-vectore matrix operation$ A

