kiran@kiran-LIFEBOOK-A555:~/0LP1/LP1/08- Hill climbing/hill climbing$ javac QueensBoard.java
kiran@kiran-LIFEBOOK-A555:~/0LP1/LP1/08- Hill climbing/hill climbing$ java QueensBoard
Trial #: 1
Original board:
0 1 0 0 0 0 0 0 
0 0 0 0 0 0 0 0 
1 0 0 0 0 0 1 0 
0 0 0 0 1 0 0 0 
0 0 0 0 0 0 0 1 
0 0 0 0 0 0 0 0 
0 0 0 1 0 1 0 0 
0 0 1 0 0 0 0 0 
# pairs of queens attacking each other: 5

Iterating through COLUMN 0:
1 1 0 0 0 0 0 0 
0 0 0 0 0 0 0 0 
2 0 0 0 0 0 1 0 
0 0 0 0 1 0 0 0 
0 0 0 0 0 0 0 1 
0 0 0 0 0 0 0 0 
0 0 0 1 0 1 0 0 
0 0 1 0 0 0 0 0 

0 1 0 0 0 0 0 0 
1 0 0 0 0 0 0 0 
2 0 0 0 0 0 1 0 
0 0 0 0 1 0 0 0 
0 0 0 0 0 0 0 1 
0 0 0 0 0 0 0 0 
0 0 0 1 0 1 0 0 
0 0 1 0 0 0 0 0 

0 1 0 0 0 0 0 0 
0 0 0 0 0 0 0 0 
2 0 0 0 0 0 1 0 
1 0 0 0 1 0 0 0 
0 0 0 0 0 0 0 1 
0 0 0 0 0 0 0 0 
0 0 0 1 0 1 0 0 
0 0 1 0 0 0 0 0 

0 1 0 0 0 0 0 0 
0 0 0 0 0 0 0 0 
2 0 0 0 0 0 1 0 
0 0 0 0 1 0 0 0 
1 0 0 0 0 0 0 1 
0 0 0 0 0 0 0 0 
0 0 0 1 0 1 0 0 
0 0 1 0 0 0 0 0 

0 1 0 0 0 0 0 0 
0 0 0 0 0 0 0 0 
2 0 0 0 0 0 1 0 
0 0 0 0 1 0 0 0 
0 0 0 0 0 0 0 1 
1 0 0 0 0 0 0 0 
0 0 0 1 0 1 0 0 
0 0 1 0 0 0 0 0 

0 1 0 0 0 0 0 0 
0 0 0 0 0 0 0 0 
2 0 0 0 0 0 1 0 
0 0 0 0 1 0 0 0 
0 0 0 0 0 0 0 1 
0 0 0 0 0 0 0 0 
1 0 0 1 0 1 0 0 
0 0 1 0 0 0 0 0 

0 1 0 0 0 0 0 0 
0 0 0 0 0 0 0 0 
2 0 0 0 0 0 1 0 
0 0 0 0 1 0 0 0 
0 0 0 0 0 0 0 1 
0 0 0 0 0 0 0 0 
0 0 0 1 0 1 0 0 
1 0 1 0 0 0 0 0 

No better board found.
0 1 0 0 0 0 0 0 
0 0 0 0 0 0 0 0 
1 0 0 0 0 0 1 0 
0 0 0 0 1 0 0 0 
0 0 0 0 0 0 0 1 
0 0 0 0 0 0 0 0 
0 0 0 1 0 1 0 0 
0 0 1 0 0 0 0 0 
# pairs of queens attacking each other: 5

Iterating through COLUMN 1:
0 2 0 0 0 0 0 0 
0 1 0 0 0 0 0 0 
1 0 0 0 0 0 1 0 
0 0 0 0 1 0 0 0 
0 0 0 0 0 0 0 1 
0 0 0 0 0 0 0 0 
0 0 0 1 0 1 0 0 
0 0 1 0 0 0 0 0 

0 2 0 0 0 0 0 0 
0 0 0 0 0 0 0 0 
1 1 0 0 0 0 1 0 
0 0 0 0 1 0 0 0 
0 0 0 0 0 0 0 1 
0 0 0 0 0 0 0 0 
0 0 0 1 0 1 0 0 
0 0 1 0 0 0 0 0 

0 2 0 0 0 0 0 0 
0 0 0 0 0 0 0 0 
1 0 0 0 0 0 1 0 
0 1 0 0 1 0 0 0 
0 0 0 0 0 0 0 1 
0 0 0 0 0 0 0 0 
0 0 0 1 0 1 0 0 
0 0 1 0 0 0 0 0 

0 2 0 0 0 0 0 0 
0 0 0 0 0 0 0 0 
1 0 0 0 0 0 1 0 
0 0 0 0 1 0 0 0 
0 1 0 0 0 0 0 1 
0 0 0 0 0 0 0 0 
0 0 0 1 0 1 0 0 
0 0 1 0 0 0 0 0 

0 2 0 0 0 0 0 0 
0 0 0 0 0 0 0 0 
1 0 0 0 0 0 1 0 
0 0 0 0 1 0 0 0 
0 0 0 0 0 0 0 1 
0 1 0 0 0 0 0 0 
0 0 0 1 0 1 0 0 
0 0 1 0 0 0 0 0 

0 2 0 0 0 0 0 0 
0 0 0 0 0 0 0 0 
1 0 0 0 0 0 1 0 
0 0 0 0 1 0 0 0 
0 0 0 0 0 0 0 1 
0 0 0 0 0 0 0 0 
0 1 0 1 0 1 0 0 
0 0 1 0 0 0 0 0 

0 2 0 0 0 0 0 0 
0 0 0 0 0 0 0 0 
1 0 0 0 0 0 1 0 
0 0 0 0 1 0 0 0 
0 0 0 0 0 0 0 1 
0 0 0 0 0 0 0 0 
0 0 0 1 0 1 0 0 
0 1 1 0 0 0 0 0 

Best board found this iteration: 
0 0 0 0 0 0 0 0 
0 0 0 0 0 0 0 0 
1 0 0 0 0 0 1 0 
0 0 0 0 1 0 0 0 
0 0 0 0 0 0 0 1 
0 1 0 0 0 0 0 0 
0 0 0 1 0 1 0 0 
0 0 1 0 0 0 0 0 
# pairs of queens attacking each other: 4

Iterating through COLUMN 2:
0 0 1 0 0 0 0 0 
0 0 0 0 0 0 0 0 
1 0 0 0 0 0 1 0 
0 0 0 0 1 0 0 0 
0 0 0 0 0 0 0 1 
0 1 0 0 0 0 0 0 
0 0 0 1 0 1 0 0 
0 0 2 0 0 0 0 0 

0 0 0 0 0 0 0 0 
0 0 1 0 0 0 0 0 
1 0 0 0 0 0 1 0 
0 0 0 0 1 0 0 0 
0 0 0 0 0 0 0 1 
0 1 0 0 0 0 0 0 
0 0 0 1 0 1 0 0 
0 0 2 0 0 0 0 0 

0 0 0 0 0 0 0 0 
0 0 0 0 0 0 0 0 
1 0 1 0 0 0 1 0 
0 0 0 0 1 0 0 0 
0 0 0 0 0 0 0 1 
0 1 0 0 0 0 0 0 
0 0 0 1 0 1 0 0 
0 0 2 0 0 0 0 0 

0 0 0 0 0 0 0 0 
0 0 0 0 0 0 0 0 
1 0 0 0 0 0 1 0 
0 0 1 0 1 0 0 0 
0 0 0 0 0 0 0 1 
0 1 0 0 0 0 0 0 
0 0 0 1 0 1 0 0 
0 0 2 0 0 0 0 0 

0 0 0 0 0 0 0 0 
0 0 0 0 0 0 0 0 
1 0 0 0 0 0 1 0 
0 0 0 0 1 0 0 0 
0 0 1 0 0 0 0 1 
0 1 0 0 0 0 0 0 
0 0 0 1 0 1 0 0 
0 0 2 0 0 0 0 0 

0 0 0 0 0 0 0 0 
0 0 0 0 0 0 0 0 
1 0 0 0 0 0 1 0 
0 0 0 0 1 0 0 0 
0 0 0 0 0 0 0 1 
0 1 1 0 0 0 0 0 
0 0 0 1 0 1 0 0 
0 0 2 0 0 0 0 0 

0 0 0 0 0 0 0 0 
0 0 0 0 0 0 0 0 
1 0 0 0 0 0 1 0 
0 0 0 0 1 0 0 0 
0 0 0 0 0 0 0 1 
0 1 0 0 0 0 0 0 
0 0 1 1 0 1 0 0 
0 0 2 0 0 0 0 0 

No better board found.
0 0 0 0 0 0 0 0 
0 0 0 0 0 0 0 0 
1 0 0 0 0 0 1 0 
0 0 0 0 1 0 0 0 
0 0 0 0 0 0 0 1 
0 1 0 0 0 0 0 0 
0 0 0 1 0 1 0 0 
0 0 1 0 0 0 0 0 
# pairs of queens attacking each other: 4

Iterating through COLUMN 3:
0 0 0 1 0 0 0 0 
0 0 0 0 0 0 0 0 
1 0 0 0 0 0 1 0 
0 0 0 0 1 0 0 0 
0 0 0 0 0 0 0 1 
0 1 0 0 0 0 0 0 
0 0 0 2 0 1 0 0 
0 0 1 0 0 0 0 0 

0 0 0 0 0 0 0 0 
0 0 0 1 0 0 0 0 
1 0 0 0 0 0 1 0 
0 0 0 0 1 0 0 0 
0 0 0 0 0 0 0 1 
0 1 0 0 0 0 0 0 
0 0 0 2 0 1 0 0 
0 0 1 0 0 0 0 0 

0 0 0 0 0 0 0 0 
0 0 0 0 0 0 0 0 
1 0 0 1 0 0 1 0 
0 0 0 0 1 0 0 0 
0 0 0 0 0 0 0 1 
0 1 0 0 0 0 0 0 
0 0 0 2 0 1 0 0 
0 0 1 0 0 0 0 0 

0 0 0 0 0 0 0 0 
0 0 0 0 0 0 0 0 
1 0 0 0 0 0 1 0 
0 0 0 1 1 0 0 0 
0 0 0 0 0 0 0 1 
0 1 0 0 0 0 0 0 
0 0 0 2 0 1 0 0 
0 0 1 0 0 0 0 0 

0 0 0 0 0 0 0 0 
0 0 0 0 0 0 0 0 
1 0 0 0 0 0 1 0 
0 0 0 0 1 0 0 0 
0 0 0 1 0 0 0 1 
0 1 0 0 0 0 0 0 
0 0 0 2 0 1 0 0 
0 0 1 0 0 0 0 0 

0 0 0 0 0 0 0 0 
0 0 0 0 0 0 0 0 
1 0 0 0 0 0 1 0 
0 0 0 0 1 0 0 0 
0 0 0 0 0 0 0 1 
0 1 0 1 0 0 0 0 
0 0 0 2 0 1 0 0 
0 0 1 0 0 0 0 0 

0 0 0 0 0 0 0 0 
0 0 0 0 0 0 0 0 
1 0 0 0 0 0 1 0 
0 0 0 0 1 0 0 0 
0 0 0 0 0 0 0 1 
0 1 0 0 0 0 0 0 
0 0 0 2 0 1 0 0 
0 0 1 1 0 0 0 0 

Best board found this iteration: 
0 0 0 0 0 0 0 0 
0 0 0 1 0 0 0 0 
1 0 0 0 0 0 1 0 
0 0 0 0 1 0 0 0 
0 0 0 0 0 0 0 1 
0 1 0 0 0 0 0 0 
0 0 0 0 0 1 0 0 
0 0 1 0 0 0 0 0 
# pairs of queens attacking each other: 2

Iterating through COLUMN 4:
0 0 0 0 1 0 0 0 
0 0 0 1 0 0 0 0 
1 0 0 0 0 0 1 0 
0 0 0 0 2 0 0 0 
0 0 0 0 0 0 0 1 
0 1 0 0 0 0 0 0 
0 0 0 0 0 1 0 0 
0 0 1 0 0 0 0 0 

0 0 0 0 0 0 0 0 
0 0 0 1 1 0 0 0 
1 0 0 0 0 0 1 0 
0 0 0 0 2 0 0 0 
0 0 0 0 0 0 0 1 
0 1 0 0 0 0 0 0 
0 0 0 0 0 1 0 0 
0 0 1 0 0 0 0 0 

0 0 0 0 0 0 0 0 
0 0 0 1 0 0 0 0 
1 0 0 0 1 0 1 0 
0 0 0 0 2 0 0 0 
0 0 0 0 0 0 0 1 
0 1 0 0 0 0 0 0 
0 0 0 0 0 1 0 0 
0 0 1 0 0 0 0 0 

0 0 0 0 0 0 0 0 
0 0 0 1 0 0 0 0 
1 0 0 0 0 0 1 0 
0 0 0 0 2 0 0 0 
0 0 0 0 1 0 0 1 
0 1 0 0 0 0 0 0 
0 0 0 0 0 1 0 0 
0 0 1 0 0 0 0 0 

0 0 0 0 0 0 0 0 
0 0 0 1 0 0 0 0 
1 0 0 0 0 0 1 0 
0 0 0 0 2 0 0 0 
0 0 0 0 0 0 0 1 
0 1 0 0 1 0 0 0 
0 0 0 0 0 1 0 0 
0 0 1 0 0 0 0 0 

0 0 0 0 0 0 0 0 
0 0 0 1 0 0 0 0 
1 0 0 0 0 0 1 0 
0 0 0 0 2 0 0 0 
0 0 0 0 0 0 0 1 
0 1 0 0 0 0 0 0 
0 0 0 0 1 1 0 0 
0 0 1 0 0 0 0 0 

0 0 0 0 0 0 0 0 
0 0 0 1 0 0 0 0 
1 0 0 0 0 0 1 0 
0 0 0 0 2 0 0 0 
0 0 0 0 0 0 0 1 
0 1 0 0 0 0 0 0 
0 0 0 0 0 1 0 0 
0 0 1 0 1 0 0 0 

No better board found.
0 0 0 0 0 0 0 0 
0 0 0 1 0 0 0 0 
1 0 0 0 0 0 1 0 
0 0 0 0 1 0 0 0 
0 0 0 0 0 0 0 1 
0 1 0 0 0 0 0 0 
0 0 0 0 0 1 0 0 
0 0 1 0 0 0 0 0 
# pairs of queens attacking each other: 2

Iterating through COLUMN 5:
0 0 0 0 0 1 0 0 
0 0 0 1 0 0 0 0 
1 0 0 0 0 0 1 0 
0 0 0 0 1 0 0 0 
0 0 0 0 0 0 0 1 
0 1 0 0 0 0 0 0 
0 0 0 0 0 2 0 0 
0 0 1 0 0 0 0 0 

0 0 0 0 0 0 0 0 
0 0 0 1 0 1 0 0 
1 0 0 0 0 0 1 0 
0 0 0 0 1 0 0 0 
0 0 0 0 0 0 0 1 
0 1 0 0 0 0 0 0 
0 0 0 0 0 2 0 0 
0 0 1 0 0 0 0 0 

0 0 0 0 0 0 0 0 
0 0 0 1 0 0 0 0 
1 0 0 0 0 1 1 0 
0 0 0 0 1 0 0 0 
0 0 0 0 0 0 0 1 
0 1 0 0 0 0 0 0 
0 0 0 0 0 2 0 0 
0 0 1 0 0 0 0 0 

0 0 0 0 0 0 0 0 
0 0 0 1 0 0 0 0 
1 0 0 0 0 0 1 0 
0 0 0 0 1 1 0 0 
0 0 0 0 0 0 0 1 
0 1 0 0 0 0 0 0 
0 0 0 0 0 2 0 0 
0 0 1 0 0 0 0 0 

0 0 0 0 0 0 0 0 
0 0 0 1 0 0 0 0 
1 0 0 0 0 0 1 0 
0 0 0 0 1 0 0 0 
0 0 0 0 0 1 0 1 
0 1 0 0 0 0 0 0 
0 0 0 0 0 2 0 0 
0 0 1 0 0 0 0 0 

0 0 0 0 0 0 0 0 
0 0 0 1 0 0 0 0 
1 0 0 0 0 0 1 0 
0 0 0 0 1 0 0 0 
0 0 0 0 0 0 0 1 
0 1 0 0 0 1 0 0 
0 0 0 0 0 2 0 0 
0 0 1 0 0 0 0 0 

0 0 0 0 0 0 0 0 
0 0 0 1 0 0 0 0 
1 0 0 0 0 0 1 0 
0 0 0 0 1 0 0 0 
0 0 0 0 0 0 0 1 
0 1 0 0 0 0 0 0 
0 0 0 0 0 2 0 0 
0 0 1 0 0 1 0 0 

Best board found this iteration: 
0 0 0 0 0 1 0 0 
0 0 0 1 0 0 0 0 
1 0 0 0 0 0 1 0 
0 0 0 0 1 0 0 0 
0 0 0 0 0 0 0 1 
0 1 0 0 0 0 0 0 
0 0 0 0 0 0 0 0 
0 0 1 0 0 0 0 0 
# pairs of queens attacking each other: 1

Iterating through COLUMN 6:
0 0 0 0 0 1 1 0 
0 0 0 1 0 0 0 0 
1 0 0 0 0 0 2 0 
0 0 0 0 1 0 0 0 
0 0 0 0 0 0 0 1 
0 1 0 0 0 0 0 0 
0 0 0 0 0 0 0 0 
0 0 1 0 0 0 0 0 

0 0 0 0 0 1 0 0 
0 0 0 1 0 0 1 0 
1 0 0 0 0 0 2 0 
0 0 0 0 1 0 0 0 
0 0 0 0 0 0 0 1 
0 1 0 0 0 0 0 0 
0 0 0 0 0 0 0 0 
0 0 1 0 0 0 0 0 

0 0 0 0 0 1 0 0 
0 0 0 1 0 0 0 0 
1 0 0 0 0 0 2 0 
0 0 0 0 1 0 1 0 
0 0 0 0 0 0 0 1 
0 1 0 0 0 0 0 0 
0 0 0 0 0 0 0 0 
0 0 1 0 0 0 0 0 

0 0 0 0 0 1 0 0 
0 0 0 1 0 0 0 0 
1 0 0 0 0 0 2 0 
0 0 0 0 1 0 0 0 
0 0 0 0 0 0 1 1 
0 1 0 0 0 0 0 0 
0 0 0 0 0 0 0 0 
0 0 1 0 0 0 0 0 

0 0 0 0 0 1 0 0 
0 0 0 1 0 0 0 0 
1 0 0 0 0 0 2 0 
0 0 0 0 1 0 0 0 
0 0 0 0 0 0 0 1 
0 1 0 0 0 0 1 0 
0 0 0 0 0 0 0 0 
0 0 1 0 0 0 0 0 

0 0 0 0 0 1 0 0 
0 0 0 1 0 0 0 0 
1 0 0 0 0 0 2 0 
0 0 0 0 1 0 0 0 
0 0 0 0 0 0 0 1 
0 1 0 0 0 0 0 0 
0 0 0 0 0 0 1 0 
0 0 1 0 0 0 0 0 

0 0 0 0 0 1 0 0 
0 0 0 1 0 0 0 0 
1 0 0 0 0 0 2 0 
0 0 0 0 1 0 0 0 
0 0 0 0 0 0 0 1 
0 1 0 0 0 0 0 0 
0 0 0 0 0 0 0 0 
0 0 1 0 0 0 1 0 

Best board found this iteration: 
0 0 0 0 0 1 0 0 
0 0 0 1 0 0 0 0 
1 0 0 0 0 0 0 0 
0 0 0 0 1 0 0 0 
0 0 0 0 0 0 0 1 
0 1 0 0 0 0 0 0 
0 0 0 0 0 0 1 0 
0 0 1 0 0 0 0 0 
# pairs of queens attacking each other: 0

Iterating through COLUMN 7:
0 0 0 0 0 1 0 1 
0 0 0 1 0 0 0 0 
1 0 0 0 0 0 0 0 
0 0 0 0 1 0 0 0 
0 0 0 0 0 0 0 2 
0 1 0 0 0 0 0 0 
0 0 0 0 0 0 1 0 
0 0 1 0 0 0 0 0 

0 0 0 0 0 1 0 0 
0 0 0 1 0 0 0 1 
1 0 0 0 0 0 0 0 
0 0 0 0 1 0 0 0 
0 0 0 0 0 0 0 2 
0 1 0 0 0 0 0 0 
0 0 0 0 0 0 1 0 
0 0 1 0 0 0 0 0 

0 0 0 0 0 1 0 0 
0 0 0 1 0 0 0 0 
1 0 0 0 0 0 0 1 
0 0 0 0 1 0 0 0 
0 0 0 0 0 0 0 2 
0 1 0 0 0 0 0 0 
0 0 0 0 0 0 1 0 
0 0 1 0 0 0 0 0 

0 0 0 0 0 1 0 0 
0 0 0 1 0 0 0 0 
1 0 0 0 0 0 0 0 
0 0 0 0 1 0 0 1 
0 0 0 0 0 0 0 2 
0 1 0 0 0 0 0 0 
0 0 0 0 0 0 1 0 
0 0 1 0 0 0 0 0 

0 0 0 0 0 1 0 0 
0 0 0 1 0 0 0 0 
1 0 0 0 0 0 0 0 
0 0 0 0 1 0 0 0 
0 0 0 0 0 0 0 2 
0 1 0 0 0 0 0 1 
0 0 0 0 0 0 1 0 
0 0 1 0 0 0 0 0 

0 0 0 0 0 1 0 0 
0 0 0 1 0 0 0 0 
1 0 0 0 0 0 0 0 
0 0 0 0 1 0 0 0 
0 0 0 0 0 0 0 2 
0 1 0 0 0 0 0 0 
0 0 0 0 0 0 1 1 
0 0 1 0 0 0 0 0 

0 0 0 0 0 1 0 0 
0 0 0 1 0 0 0 0 
1 0 0 0 0 0 0 0 
0 0 0 0 1 0 0 0 
0 0 0 0 0 0 0 2 
0 1 0 0 0 0 0 0 
0 0 0 0 0 0 1 0 
0 0 1 0 0 0 0 1 

No better board found.
0 0 0 0 0 1 0 0 
0 0 0 1 0 0 0 0 
1 0 0 0 0 0 0 0 
0 0 0 0 1 0 0 0 
0 0 0 0 0 0 0 1 
0 1 0 0 0 0 0 0 
0 0 0 0 0 0 1 0 
0 0 1 0 0 0 0 0 
# pairs of queens attacking each other: 0

Done in 0 restarts.
kiran@kiran-LIFEBOOK-A555:~/0LP1/LP1/08- Hill climbing/hill climbing$ javac QueensBoard.java

